1 1 34 1.0
14 1 36 1.0
1 1 44 1.0
1 1 70 1.0
1 1 82 2.0
82 1 82 2.0
1 1 104 1.0
1 1 140 2.0
2 2 2 16.0
14 2 2 1.0
28 2 2 1.0
47 2 2 1.0
4 2 4 2.0
2 2 10 1.0
47 2 11 1.0
2 2 14 10.0
14 2 14 4.0
47 2 14 1.5
85 2 14 0.5
2 2 21 3.0
96 2 21 1.0
2 2 23 2.0
2 2 28 6.0
28 2 28 1.5
103 2 28 0.5
2 2 30 2.0
2 2 33 13.0
47 2 33 3.0
96 2 33 2.0
103 2 33 1.0
35 2 35 5.0
2 2 40 5.0
2 2 41 8.0
47 2 41 1.0
2 2 46 1.0
2 2 47 15.0
4 2 47 1.0
28 2 47 1.0
47 2 47 6.0
118 2 47 1.0
129 2 47 2.0
2 2 54 8.0
4 2 54 1.0
47 2 54 1.0
129 2 54 1.0
2 2 58 19.0
47 2 58 1.0
58 2 58 6.0
96 2 58 1.0
2 2 60 3.0
47 2 60 2.0
2 2 62 8.0
47 2 62 1.0
2 2 65 9.0
28 2 65 0.5
46 2 65 1.0
58 2 65 0.5
65 2 65 2.5
103 2 65 0.5
129 2 65 1.0
2 2 66 5.0
2 2 67 2.0
47 2 67 0.333333333333
54 2 67 0.333333333333
101 2 67 0.333333333333
2 2 68 7.0
47 2 68 2.0
2 2 71 1.0
47 2 71 1.0
47 2 79 1.0
2 2 80 1.0
2 2 82 5.0
28 2 82 0.333333333333
47 2 82 1.0
82 2 82 0.333333333333
103 2 82 0.333333333333
2 2 83 3.0
47 2 83 1.0
2 2 91 9.0
47 2 91 2.0
2 2 93 3.0
47 2 93 2.0
94 2 94 1.0
2 2 96 4.0
96 2 96 3.0
2 2 98 1.0
2 2 101 13.0
47 2 101 2.0
101 2 101 3.0
2 2 103 7.0
28 2 103 1.0
103 2 103 5.0
2 2 107 1.0
2 2 110 4.0
47 2 110 1.0
113 2 113 1.0
2 2 118 7.0
47 2 118 2.0
2 2 122 4.0
47 2 122 1.0
122 2 122 2.0
2 2 129 4.0
67 2 129 0.333333333333
129 2 129 5.66666666667
133 2 133 1.0
2 2 136 8.0
47 2 136 2.0
2 2 137 3.0
47 2 137 1.0
2 2 143 4.0
47 2 143 1.0
2 2 146 1.0
47 2 146 1.0
3 3 8 2.0
134 3 8 2.0
72 3 9 1.0
3 3 39 2.0
3 3 42 2.0
42 3 42 0.5
134 3 42 1.5
3 3 72 4.0
72 3 72 3.5
90 3 72 0.5
134 3 72 3.0
3 3 77 6.0
77 3 77 1.0
134 3 77 6.0
83 3 83 1.0
3 3 90 1.0
90 3 90 1.0
3 3 95 1.0
95 3 95 3.66666666667
134 3 95 2.33333333333
3 3 120 1.0
72 3 120 1.0
3 3 134 13.0
42 3 134 1.5
83 3 134 1.0
95 3 134 2.0
120 3 134 0.333333333333
134 3 134 20.1666666667
2 4 2 1.5
4 4 2 3.5
4 4 4 1.0
4 4 21 3.0
21 4 21 1.0
4 4 23 2.0
33 4 33 1.0
4 4 47 1.0
4 4 58 2.0
4 4 65 2.0
13 4 65 2.5
60 4 65 1.0
65 4 65 2.5
67 4 67 1.0
4 4 96 2.0
4 4 105 3.0
105 4 105 1.0
4 4 126 1.0
7 7 7 1.0
7 7 24 1.0
24 7 24 1.0
7 7 26 4.0
7 7 32 1.0
7 7 50 3.0
7 7 52 3.0
117 7 117 1.0
7 7 118 3.0
7 7 122 4.0
122 7 122 1.0
7 7 143 1.0
8 8 77 1.0
39 8 119 1.0
8 8 134 3.0
134 8 134 7.0
9 9 39 2.0
39 9 39 2.0
9 9 53 1.0
72 9 53 0.5
95 9 53 0.5
9 9 72 10.0
72 9 72 3.5
77 9 72 3.0
83 9 72 1.0
95 9 72 1.5
9 9 77 5.0
72 9 77 0.5
77 9 77 3.0
95 9 77 1.5
9 9 83 3.0
77 9 83 1.0
83 9 83 2.0
95 9 83 1.0
9 9 90 2.0
72 9 90 3.0
77 9 90 0.5
90 9 90 1.0
95 9 90 0.5
9 9 95 3.0
72 9 95 0.5
77 9 95 1.5
83 9 95 1.0
95 9 95 2.0
9 9 120 5.0
72 9 120 0.5
77 9 120 3.0
83 9 120 1.0
90 9 120 1.0
95 9 120 1.5
9 9 124 1.0
124 9 124 1.0
9 9 134 1.0
10 10 4 1.0
10 10 54 1.0
56 10 56 1.0
10 10 67 1.0
10 10 126 1.0
11 11 27 1.0
118 11 27 1.0
58 11 58 1.0
12 12 1 1.0
12 12 11 4.0
12 12 12 11.0
12 12 15 4.0
12 12 23 4.0
49 12 23 1.0
12 12 24 4.0
12 12 27 4.0
12 12 32 6.0
12 12 34 1.0
12 12 36 8.0
36 12 36 9.0
49 12 36 2.0
44 12 44 2.0
12 12 49 21.0
36 12 49 2.0
49 12 49 4.33333333333
82 12 49 0.666666666667
128 12 49 2.0
12 12 59 3.0
49 12 59 3.0
59 12 59 1.0
12 12 69 1.0
12 12 70 3.0
49 12 70 1.0
70 12 70 1.0
12 12 79 1.0
12 12 81 2.0
12 12 82 1.0
82 12 82 3.0
12 12 117 6.0
36 12 117 1.0
49 12 117 2.0
128 12 117 2.0
12 12 127 4.0
12 12 128 17.0
49 12 128 2.33333333333
82 12 128 0.666666666667
117 12 128 1.0
128 12 128 3.0
12 12 136 4.0
12 12 143 7.0
12 12 144 4.0
13 13 4 1.0
13 13 13 10.0
13 13 21 3.0
13 13 23 2.0
48 13 23 1.0
58 13 23 1.0
13 13 35 1.0
13 13 39 1.0
13 13 43 1.0
23 13 48 0.125
48 13 48 0.875
58 13 58 4.0
23 13 61 0.142857142857
48 13 61 0.857142857143
101 13 101 1.0
13 13 105 1.0
105 13 105 3.0
13 13 107 2.0
107 13 107 3.0
13 13 108 4.0
108 13 108 10.0
13 13 113 1.0
13 13 125 2.0
127 13 127 4.0
133 13 133 1.0
13 13 139 1.0
82 14 1 1.0
2 14 2 1.0
14 14 2 3.0
71 14 2 1.0
14 14 31 1.0
31 14 31 2.0
14 14 33 1.0
82 14 38 1.0
14 14 41 1.0
14 14 43 4.0
43 14 43 8.0
14 14 46 10.0
46 14 46 9.5
69 14 46 0.5
14 14 47 1.0
14 14 69 3.0
2 14 71 1.0
14 14 71 12.0
71 14 71 8.0
14 14 74 1.0
47 14 74 1.0
82 14 74 1.0
14 14 82 9.0
69 14 82 1.0
82 14 82 2.0
14 14 86 3.0
86 14 86 9.0
14 14 91 3.0
69 14 91 1.0
14 14 102 1.0
14 14 115 1.0
14 14 118 1.0
14 14 136 1.0
15 15 69 1.0
15 15 127 1.0
16 16 22 2.0
16 16 108 3.0
108 16 108 1.0
16 16 116 2.0
19 19 1 1.0
19 19 19 7.0
46 19 19 1.0
19 19 25 1.0
19 19 29 1.0
19 19 36 3.0
70 19 36 3.0
19 19 39 3.0
39 19 39 13.4166666667
77 19 39 0.583333333333
39 19 42 3.0
42 19 42 2.0
19 19 43 1.0
19 19 44 5.0
44 19 44 1.0
19 19 46 3.0
46 19 46 5.0
19 19 64 1.0
19 19 68 1.0
19 19 70 1.0
70 19 70 5.0
19 19 77 3.0
39 19 77 6.41666666667
43 19 77 1.0
77 19 77 0.583333333333
19 19 89 1.0
19 19 90 0.333333333333
39 19 90 6.66666666667
77 19 90 0.333333333333
90 19 90 0.666666666667
19 19 95 1.0
39 19 95 1.0
42 19 95 1.0
106 19 106 2.0
19 19 111 1.0
39 19 111 6.66666666667
42 19 111 1.0
43 19 111 1.0
77 19 111 0.333333333333
20 20 3 2.0
20 20 9 1.0
20 20 20 4.0
20 20 42 3.0
72 20 42 1.0
20 20 53 4.0
53 20 53 3.0
20 20 72 7.0
53 20 72 1.0
72 20 72 1.0
95 20 72 1.0
20 20 77 4.0
53 20 77 1.0
72 20 77 1.0
72 20 83 1.0
72 20 90 2.0
20 20 95 2.0
53 20 95 1.0
95 20 95 1.0
20 20 111 1.0
20 20 120 1.0
72 20 124 1.0
4 21 4 6.0
21 21 21 3.0
13 21 23 1.0
21 21 23 4.0
105 21 23 2.0
13 21 35 1.0
21 21 35 2.0
35 21 35 1.0
13 21 43 1.0
21 21 54 2.0
13 21 58 1.0
21 21 58 2.0
13 21 65 1.0
21 21 65 13.0
65 21 65 2.0
21 21 67 1.0
21 21 101 3.0
101 21 101 2.0
21 21 105 6.0
105 21 105 2.0
13 21 113 1.0
21 21 113 1.0
113 21 113 2.0
21 21 133 2.0
133 21 133 9.0
21 21 146 1.0
22 22 40 2.0
16 22 108 1.0
22 22 114 1.0
13 23 13 1.0
23 23 35 2.0
35 23 35 7.0
86 23 35 1.0
23 23 43 2.0
35 23 43 1.0
23 23 58 2.0
23 23 65 1.0
23 23 86 5.0
23 23 105 3.0
127 23 127 1.0
23 23 136 1.0
48 23 146 1.0
24 24 7 1.0
24 24 26 1.0
101 25 21 1.0
25 25 29 2.0
25 25 56 1.0
25 25 73 3.0
25 25 88 2.0
25 25 115 1.0
25 25 138 2.0
7 26 7 1.0
26 26 7 1.0
118 26 7 1.0
26 26 19 1.0
26 26 55 1.0
55 26 55 1.0
117 26 117 3.0
118 26 117 1.0
85 27 11 1.0
11 27 41 1.0
81 27 52 1.0
85 27 118 1.0
2 28 2 1.0
28 28 2 1.0
54 28 54 1.0
28 28 60 1.0
83 28 60 1.0
65 28 65 1.0
28 28 83 1.0
83 28 83 1.0
28 28 96 1.0
96 28 96 1.0
28 28 103 1.0
28 28 146 5.0
146 28 146 1.0
114 29 114 1.0
30 30 30 9.0
40 30 40 1.0
30 30 55 1.0
30 30 93 1.0
101 30 101 1.0
30 30 103 1.0
30 30 128 1.0
14 31 14 1.0
31 31 14 1.0
31 31 37 2.0
37 31 37 1.0
48 31 37 1.0
71 31 37 1.0
31 31 43 3.0
48 31 43 1.0
48 31 48 1.0
31 31 71 5.0
31 31 74 1.0
37 31 102 1.0
31 31 140 2.0
71 31 140 4.0
7 32 11 1.0
32 32 32 1.0
7 32 143 1.0
33 33 4 1.0
33 33 11 1.0
82 33 23 1.0
33 33 33 13.0
33 33 41 3.0
128 33 41 1.0
33 33 47 4.0
47 33 47 1.0
79 33 47 1.0
101 33 47 1.0
128 33 47 1.0
33 33 49 2.0
49 33 49 1.0
60 33 60 1.0
33 33 66 8.0
33 33 79 7.0
79 33 79 1.0
33 33 82 3.0
82 33 82 1.0
128 33 82 1.0
128 33 91 1.0
101 33 101 1.0
33 33 118 2.0
33 33 135 7.0
33 33 136 4.0
128 33 136 1.0
12 34 12 1.0
34 34 33 1.0
1 34 34 0.333333333333
34 34 34 2.0
82 34 34 0.666666666667
34 34 66 1.0
34 34 78 2.0
34 34 102 1.0
34 34 135 1.0
2 35 2 3.0
35 35 2 5.0
58 35 2 1.0
13 35 13 1.0
21 35 21 0.2
23 35 21 0.2
35 35 21 15.0
61 35 21 0.2
107 35 21 0.2
132 35 21 1.0
133 35 21 0.2
21 35 23 0.2
23 35 23 3.2
35 35 23 39.0
58 35 23 1.0
61 35 23 0.2
107 35 23 1.2
113 35 23 4.0
125 35 23 1.0
132 35 23 1.0
133 35 23 0.2
139 35 23 1.0
35 35 26 1.0
35 35 35 4.0
35 35 47 1.0
35 35 48 1.0
2 35 58 1.0
23 35 58 0.5
35 35 58 61.3333333333
58 35 58 10.4924242424
61 35 58 1.5
102 35 58 1.0
107 35 58 6.33333333333
113 35 58 6.75
125 35 58 1.75
133 35 58 1.75
134 35 58 0.0909090909091
139 35 58 1.5
23 35 61 1.0
35 35 61 21.0
58 35 61 1.0
61 35 61 3.0
86 35 61 1.0
132 35 61 1.0
139 35 61 1.0
107 35 67 1.0
23 35 86 0.5
35 35 86 2.0
86 35 86 0.5
35 35 102 2.0
102 35 102 2.0
107 35 102 1.0
125 35 102 0.5
139 35 102 0.5
21 35 107 1.2
23 35 107 0.2
35 35 107 48.0
58 35 107 4.66666666667
61 35 107 1.2
102 35 107 1.0
107 35 107 22.5333333333
113 35 107 3.0
125 35 107 0.5
133 35 107 2.2
139 35 107 1.5
23 35 113 1.0
35 35 113 51.0714285714
58 35 113 5.33333333333
61 35 113 1.16666666667
107 35 113 1.07142857143
113 35 113 18.0238095238
125 35 113 1.83333333333
139 35 113 1.5
35 35 118 3.0
21 35 125 0.2
23 35 125 0.2
35 35 125 32.5
58 35 125 2.5
61 35 125 1.2
107 35 125 5.7
113 35 125 2.5
125 35 125 0.5
133 35 125 2.2
139 35 125 2.5
21 35 133 1.2
23 35 133 0.7
35 35 133 32.0
58 35 133 3.5
61 35 133 1.7
107 35 133 4.2
113 35 133 3.5
133 35 133 8.2
139 35 133 1.0
58 35 134 0.857142857143
134 35 134 0.142857142857
21 35 139 0.2
23 35 139 0.2
35 35 139 16.3333333333
58 35 139 0.833333333333
61 35 139 0.2
107 35 139 5.61666666667
113 35 139 3.0
125 35 139 0.5
133 35 139 2.2
134 35 139 0.0833333333333
139 35 139 3.83333333333
12 36 12 8.18181818182
19 36 12 0.545454545455
36 36 12 21.0
41 36 12 1.0
70 36 12 3.27272727273
12 36 36 1.0
36 36 36 3.0
70 36 36 1.0
36 36 41 1.0
12 36 49 1.0
36 36 49 1.0
36 36 55 1.0
70 36 55 1.0
12 36 70 6.09090909091
19 36 70 1.35606060606
36 36 70 31.0
41 36 70 1.0
70 36 70 14.553030303
36 36 85 1.0
36 36 86 1.0
36 36 100 3.0
70 36 100 1.0
36 36 140 1.0
31 37 19 0.333333333333
71 37 19 0.666666666667
31 37 31 1.0
37 37 31 5.0
37 37 43 4.0
37 37 71 2.0
31 37 140 0.333333333333
37 37 140 3.0
71 37 140 0.666666666667
140 37 140 1.0
38 38 1 2.0
38 38 38 14.0
38 38 69 1.0
38 38 70 2.0
38 38 82 1.0
38 38 121 1.0
38 38 140 2.0
19 39 8 1.0
39 39 8 2.0
72 39 8 1.0
9 39 9 2.5
19 39 9 0.5
120 39 9 1.0
13 39 13 1.0
19 39 19 19.0
39 39 19 29.0
46 39 19 1.0
39 39 20 1.0
39 39 39 2.0
19 39 42 1.0
39 39 42 4.0
134 39 42 1.0
46 39 46 1.0
39 39 53 2.0
111 39 53 1.0
39 39 72 3.0
72 39 72 1.0
111 39 72 1.0
39 39 77 12.0
77 39 77 1.0
39 39 90 3.0
39 39 95 1.0
95 39 95 1.0
39 39 111 5.0
111 39 111 1.0
19 39 119 1.0
72 39 119 1.0
39 39 120 1.0
39 39 134 2.0
72 39 134 1.0
134 39 134 5.0
22 40 22 2.0
30 40 30 2.0
40 40 30 1.0
40 40 41 1.0
101 40 129 1.42032967033
129 40 129 9.57967032967
41 41 2 2.0
41 41 27 1.0
40 41 36 1.0
41 41 36 4.0
82 41 36 1.0
41 41 41 9.0
41 41 47 3.0
47 41 47 1.0
27 41 85 1.0
40 41 85 1.0
41 41 85 2.0
40 41 100 1.0
41 41 100 1.0
40 41 104 1.0
41 41 104 1.0
3 42 3 0.5
42 42 3 3.0
90 42 3 1.0
134 42 3 0.5
42 42 8 3.0
42 42 19 8.0
42 42 20 5.0
42 42 39 9.0
134 42 39 1.0
42 42 42 9.0
42 42 46 1.0
46 42 46 4.0
42 42 53 20.0
53 42 53 6.0
42 42 67 8.0
67 42 67 2.0
119 42 67 1.0
42 42 72 7.0
42 42 77 6.0
119 42 77 1.0
42 42 90 2.0
90 42 90 1.0
42 42 94 4.0
42 42 95 2.0
119 42 95 1.0
42 42 99 3.0
42 42 111 1.0
67 42 111 1.0
42 42 119 10.0
67 42 119 1.0
119 42 119 1.0
42 42 120 9.0
120 42 120 3.0
42 42 129 1.0
3 42 134 0.5
42 42 134 10.0
134 42 134 0.5
14 43 14 5.0
43 43 14 12.0
43 43 19 1.0
43 43 31 1.0
23 43 35 1.0
37 43 37 1.0
14 43 48 1.0
31 43 48 1.0
37 43 48 2.0
43 43 48 2.0
48 43 48 3.0
71 43 48 2.0
37 43 71 1.0
43 43 71 7.0
71 43 71 9.0
43 43 74 2.0
74 43 74 1.0
43 43 85 2.0
85 43 85 1.0
43 43 86 1.0
104 43 104 1.0
13 43 139 1.0
44 44 1 2.0
44 44 11 1.0
44 44 12 2.0
44 44 14 1.0
19 44 19 3.0
44 44 19 2.0
82 44 19 1.0
44 44 26 2.0
44 44 33 1.0
44 44 36 2.0
44 44 38 2.0
44 44 49 1.0
44 44 50 1.0
44 44 57 1.0
44 44 59 2.0
44 44 63 1.0
44 44 69 2.0
44 44 70 2.0
44 44 74 1.0
44 44 82 3.0
82 44 82 2.0
44 44 89 2.0
44 44 91 2.0
44 44 97 1.0
44 44 106 2.0
44 44 117 2.0
44 44 121 2.0
44 44 128 1.0
44 44 135 2.0
44 44 136 1.0
44 44 140 2.0
116 45 116 1.0
145 45 145 4.0
46 46 2 19.3333333333
67 46 2 3.25
94 46 2 3.25
105 46 2 1.83333333333
129 46 2 2.33333333333
14 46 14 16.6666666667
46 46 14 10.5
69 46 14 2.0
77 46 14 0.5
129 46 14 2.33333333333
19 46 19 5.0
46 46 19 7.0
94 46 19 1.0
99 46 19 1.0
99 46 23 1.0
39 46 39 1.0
42 46 39 1.0
46 46 39 4.0
94 46 39 1.0
46 46 40 1.16666666667
105 46 40 0.833333333333
42 46 42 5.0
46 46 42 7.0
94 46 42 1.0
99 46 42 1.0
46 46 46 35.5166666667
67 46 46 4.61666666667
94 46 46 3.61666666667
99 46 46 1.08333333333
105 46 46 1.83333333333
129 46 46 2.33333333333
46 46 47 20.6666666667
67 46 47 3.58333333333
94 46 47 3.58333333333
105 46 47 1.83333333333
129 46 47 2.33333333333
46 46 54 7.0
67 46 54 2.5
94 46 54 2.5
46 46 57 17.3333333333
57 46 57 4.0
67 46 57 2.33333333333
94 46 57 0.333333333333
99 46 57 3.0
129 46 57 1.0
46 46 62 0.666666666667
105 46 62 0.333333333333
46 46 67 106.333333333
57 46 67 1.0
67 46 67 25.9166666667
91 46 67 2.0
94 46 67 8.91666666667
99 46 67 14.8333333333
105 46 67 3.33333333333
129 46 67 2.66666666667
46 46 68 1.16666666667
105 46 68 0.833333333333
46 46 69 4.0
69 46 69 4.5
77 46 69 1.0
99 46 69 0.5
42 46 77 1.0
46 46 77 9.5
77 46 77 0.5
94 46 77 1.0
99 46 77 1.0
46 46 82 1.16666666667
105 46 82 0.833333333333
46 46 90 1.0
77 46 90 1.0
46 46 91 4.16666666667
67 46 91 1.0
91 46 91 2.0
105 46 91 0.833333333333
129 46 91 1.0
14 46 94 1.0
42 46 94 1.0
46 46 94 134.333333333
57 46 94 2.0
67 46 94 13.3095238095
91 46 94 1.25
94 46 94 34.1547619048
99 46 94 18.0833333333
105 46 94 2.33333333333
129 46 94 9.03571428571
146 46 94 0.5
46 46 96 1.16666666667
105 46 96 0.833333333333
46 46 99 20.0
57 46 99 1.0
67 46 99 2.33333333333
94 46 99 1.33333333333
99 46 99 13.3333333333
46 46 101 1.16666666667
105 46 101 0.833333333333
46 46 105 28.6666666667
67 46 105 3.0
94 46 105 2.0
99 46 105 6.0
105 46 105 4.33333333333
129 46 105 2.0
46 46 108 1.0
14 46 129 1.5
19 46 129 2.0
46 46 129 63.3333333333
57 46 129 1.0
67 46 129 2.25
77 46 129 0.5
91 46 129 1.25
94 46 129 4.58333333333
99 46 129 2.0
105 46 129 1.83333333333
129 46 129 35.75
46 46 137 1.16666666667
105 46 137 0.833333333333
46 46 146 24.3333333333
67 46 146 3.58333333333
94 46 146 4.08333333333
105 46 146 2.83333333333
129 46 146 2.66666666667
146 46 146 0.5
2 47 2 1.0
14 47 2 1.0
47 47 2 17.0
83 47 2 0.2
85 47 2 1.0
101 47 2 2.0
110 47 2 1.0
119 47 2 0.8
83 47 8 0.2
119 47 8 0.8
83 47 10 0.2
119 47 10 0.8
47 47 14 4.0
47 47 24 1.0
83 47 28 0.2
119 47 28 0.8
47 47 30 1.0
33 47 33 1.0
47 47 33 9.0
103 47 33 1.0
47 47 40 3.0
41 47 41 2.0
47 47 41 4.0
103 47 41 1.0
47 47 47 3.0
2 47 54 1.0
47 47 54 11.0
54 47 54 1.0
83 47 54 0.2
101 47 54 1.0
119 47 54 0.8
136 47 54 1.0
47 47 59 1.0
47 47 60 3.0
60 47 60 1.0
83 47 60 0.2
119 47 60 0.8
47 47 62 1.0
103 47 62 1.0
103 47 64 1.0
47 47 65 2.0
65 47 65 1.0
103 47 66 1.0
83 47 67 0.2
119 47 67 0.8
47 47 68 4.0
68 47 68 1.0
103 47 68 1.0
83 47 80 0.2
119 47 80 0.8
47 47 82 4.0
82 47 82 1.0
103 47 82 2.0
83 47 83 0.2
119 47 83 0.8
47 47 85 1.0
103 47 85 1.0
103 47 89 1.0
47 47 91 4.0
103 47 91 1.0
47 47 93 2.0
94 47 94 1.0
96 47 96 4.0
103 47 98 1.0
47 47 101 7.0
54 47 101 1.0
101 47 101 1.0
103 47 101 1.0
47 47 103 2.0
103 47 103 4.0
47 47 106 1.0
47 47 110 5.0
115 47 115 1.0
47 47 118 7.0
103 47 118 1.0
83 47 119 0.4
119 47 119 1.6
47 47 122 3.0
83 47 126 0.2
119 47 126 0.8
83 47 134 0.2
119 47 134 0.8
103 47 135 1.0
47 47 136 4.0
103 47 136 1.0
47 47 137 1.0
47 47 143 2.0
103 47 143 1.0
143 47 143 1.0
47 47 146 8.0
83 47 146 0.2
119 47 146 0.8
146 47 146 5.0
13 48 13 2.0
48 48 13 7.0
13 48 23 1.0
48 48 23 4.0
31 48 31 1.0
48 48 31 2.0
102 48 37 2.0
43 48 43 2.0
48 48 43 5.0
102 48 43 1.0
48 48 48 2.5
86 48 48 0.5
48 48 61 2.0
61 48 61 4.0
102 48 61 1.0
48 48 71 5.0
102 48 71 1.0
48 48 74 15.0
74 48 74 3.7
86 48 74 0.5
102 48 74 4.8
48 48 78 2.0
78 48 78 4.0
48 48 79 6.0
79 48 79 3.0
48 48 86 8.0
86 48 86 2.0
102 48 86 2.0
48 48 102 6.0
86 48 102 1.0
102 48 102 8.0
48 48 125 2.0
12 49 12 5.5
49 49 12 14.0
117 49 12 0.5
12 49 23 1.0
33 49 33 2.0
49 49 49 1.0
49 49 59 1.0
49 49 82 1.0
12 49 117 0.5
49 49 117 1.0
117 49 117 0.5
49 49 128 3.0
50 50 2 1.0
118 50 7 1.0
50 50 11 1.0
50 50 19 1.0
50 50 33 1.0
50 50 47 1.0
50 50 91 1.0
50 50 103 1.0
50 50 118 1.0
50 50 136 1.0
51 51 51 1.0
42 53 3 1.0
53 53 3 1.0
42 53 8 0.5
53 53 8 0.5
53 53 9 1.0
20 53 20 1.0
53 53 20 8.0
42 53 42 5.0
53 53 42 16.8
95 53 42 3.2
42 53 53 1.0
53 53 53 15.75
95 53 53 0.25
42 53 72 1.0
53 53 72 12.75
95 53 72 0.25
53 53 77 2.75
95 53 77 0.25
53 53 83 3.0
53 53 90 5.0
53 53 95 5.75
95 53 95 0.25
20 53 120 1.0
53 53 124 3.0
54 54 2 1.0
54 54 28 1.0
47 54 47 6.0
54 54 65 1.0
80 54 80 1.0
54 54 85 1.0
47 54 136 1.0
26 55 26 1.0
55 55 26 1.0
55 55 33 1.0
55 55 41 1.0
55 55 47 1.0
55 55 55 2.0
55 55 68 1.0
55 55 85 1.0
55 55 91 1.0
55 55 101 1.0
106 55 106 1.0
55 55 118 1.0
55 55 136 1.0
56 56 10 1.0
93 56 93 1.0
46 57 46 1.0
57 57 46 2.0
2 58 2 1.0
35 58 2 1.0
58 58 2 11.0
65 58 2 1.0
13 58 4 1.0
35 58 4 0.5
133 58 4 0.5
58 58 11 1.0
13 58 13 1.0
58 58 13 1.0
35 58 21 1.88888888889
58 58 21 2.11111111111
35 58 23 2.88888888889
58 58 23 2.11111111111
2 58 35 2.0
21 58 35 1.0
35 58 35 19.0
58 58 35 22.0
65 58 35 1.0
107 58 35 1.0
125 58 35 1.0
133 58 35 10.0
35 58 43 0.5
125 58 43 0.5
2 58 58 1.0
35 58 58 1.88888888889
58 58 58 20.1111111111
35 58 61 1.88888888889
58 58 61 1.11111111111
58 58 65 3.0
65 58 65 6.0
68 58 68 1.0
2 58 105 2.0
13 58 105 1.0
35 58 107 1.0
58 58 107 36.0
107 58 107 13.6666666667
125 58 107 1.0
139 58 107 1.33333333333
58 58 113 7.0
113 58 113 1.0
122 58 122 1.0
35 58 125 0.666666666667
58 58 125 5.0
65 58 125 1.0
107 58 125 0.333333333333
125 58 125 1.0
58 58 133 11.0
107 58 133 0.5
125 58 133 1.0
133 58 133 1.5
58 58 139 5.0
65 58 139 1.0
12 59 12 1.0
59 59 74 1.0
74 59 74 2.0
60 60 4 1.0
60 60 33 1.0
47 60 47 1.0
60 60 47 2.0
60 60 60 1.0
60 60 65 1.0
60 60 67 1.0
60 60 83 2.0
83 60 83 5.0
146 60 83 1.0
60 60 94 1.0
60 60 96 4.0
96 60 96 1.0
60 60 118 1.0
60 60 122 3.0
122 60 122 1.0
35 61 35 8.0
61 61 35 4.0
48 61 48 5.0
61 61 48 3.0
35 61 86 1.0
61 61 86 8.0
61 61 102 1.0
133 61 102 1.0
62 62 62 11.0
62 62 101 2.0
129 62 129 1.0
2 65 2 1.0
4 65 2 2.0
65 65 2 6.0
126 65 2 1.0
65 65 4 4.0
65 65 13 3.0
21 65 21 7.0
65 65 21 13.0
67 65 21 1.0
146 65 21 1.0
21 65 23 1.0
65 65 23 11.0
146 65 23 1.0
65 65 28 4.0
126 65 28 1.0
65 65 35 2.0
65 65 43 3.0
4 65 47 2.0
65 65 47 3.0
126 65 47 1.0
65 65 48 2.0
4 65 54 1.0
54 65 54 1.0
65 65 54 2.0
126 65 54 1.0
21 65 58 2.0
58 65 58 3.0
65 65 58 15.0
60 65 60 0.166666666667
83 65 60 0.166666666667
146 65 60 0.666666666667
65 65 61 2.0
65 65 65 1.0
65 65 67 2.0
67 65 67 1.0
126 65 67 1.0
65 65 86 1.0
65 65 94 3.0
126 65 94 1.0
96 65 96 1.0
65 65 105 9.0
105 65 105 3.0
126 65 105 1.0
65 65 107 3.0
65 65 113 2.0
65 65 125 2.0
4 65 126 1.0
21 65 126 1.0
65 65 126 2.0
126 65 126 2.0
65 65 133 4.0
65 65 139 2.0
65 65 146 2.0
126 65 146 1.0
146 65 146 3.0
2 66 2 3.0
66 66 2 1.0
66 66 26 1.0
2 66 33 1.0
33 66 33 1.0
66 66 66 3.0
2 66 78 1.0
2 67 2 1.0
46 67 2 2.0
46 67 4 1.0
46 67 10 6.0
67 67 10 2.0
46 67 28 1.0
67 67 28 1.0
94 67 28 1.0
46 67 42 2.5
67 67 42 2.5
46 67 46 19.8
67 67 46 7.0
94 67 46 1.2
99 67 46 1.0
119 67 46 1.0
46 67 47 2.0
47 67 47 1.0
67 67 47 1.0
46 67 54 3.0
67 67 54 2.0
67 67 57 2.0
46 67 65 2.0
67 67 65 2.0
67 67 67 1.0
46 67 80 3.0
67 67 80 1.0
67 67 82 1.0
83 67 83 1.0
67 67 91 2.0
46 67 94 1.0
67 67 94 4.0
83 67 94 1.0
94 67 94 3.0
103 67 94 1.0
105 67 94 1.0
96 67 96 1.0
67 67 99 2.0
99 67 99 2.0
103 67 103 1.0
46 67 105 2.0
105 67 105 2.0
67 67 119 1.0
46 67 126 1.0
67 67 126 3.0
67 67 129 2.0
67 67 146 2.0
68 68 25 1.0
19 68 33 1.0
68 68 47 1.0
58 68 58 1.0
68 68 58 1.0
2 68 62 1.0
68 68 98 2.0
68 68 101 2.0
115 68 115 1.0
122 68 122 1.0
68 68 132 1.0
69 69 1 1.0
46 69 14 1.0
69 69 14 1.0
82 69 14 3.0
15 69 38 1.0
69 69 38 1.0
46 69 46 3.0
69 69 46 3.0
82 69 46 1.0
82 69 47 1.0
69 69 59 1.0
69 69 70 1.0
69 69 74 1.0
46 69 82 1.0
69 69 82 3.0
82 69 82 1.0
69 69 89 1.0
69 69 91 2.0
82 69 91 1.0
91 69 91 1.0
69 69 106 2.0
69 69 121 1.0
69 69 130 1.0
69 69 140 1.0
70 70 1 5.0
12 70 12 1.0
70 70 12 2.0
19 70 19 1.0
70 70 19 6.0
36 70 34 1.0
36 70 36 17.0
70 70 36 12.0
70 70 38 1.0
70 70 59 1.0
70 70 70 3.0
70 70 82 3.0
82 70 106 1.0
82 70 115 1.0
36 70 121 1.0
36 70 140 1.0
70 70 140 5.0
82 70 140 2.0
14 71 14 11.1666666667
31 71 14 1.0
43 71 14 1.83333333333
71 71 14 9.0
31 71 19 1.0
14 71 31 2.0
31 71 31 1.0
71 71 31 2.0
14 71 37 1.0
31 71 37 2.0
37 71 37 1.0
71 71 37 2.0
43 71 43 6.0
48 71 43 1.0
71 71 43 15.0
71 71 71 1.0
71 71 74 1.0
71 71 82 1.0
71 71 91 1.0
128 71 128 2.0
31 71 140 1.0
3 72 3 3.0
72 72 3 2.0
111 72 3 1.0
83 72 8 1.0
9 72 9 3.33333333333
72 72 9 2.0
83 72 9 0.5
95 72 9 1.0
120 72 9 1.0
134 72 9 1.16666666667
20 72 20 2.0
83 72 20 1.0
9 72 39 0.5
39 72 39 1.0
72 72 39 1.0
134 72 39 0.5
53 72 53 1.0
95 72 53 1.0
111 72 53 1.0
3 72 77 1.25
9 72 77 1.0
20 72 77 1.0
53 72 77 1.0
72 72 77 5.0
77 72 77 6.0
83 72 77 1.0
90 72 77 6.0
95 72 77 1.0
111 72 77 0.75
124 72 77 1.0
3 72 83 1.0
9 72 83 1.0
20 72 83 1.0
42 72 83 1.0
53 72 83 2.0
72 72 83 5.0
77 72 83 3.0
83 72 83 4.0
95 72 83 1.0
120 72 83 1.0
9 72 90 2.0
20 72 90 2.5
42 72 90 1.0
53 72 90 2.5
72 72 90 10.0
77 72 90 5.0
83 72 90 0.0243902439024
90 72 90 1.9512195122
95 72 90 1.0243902439
120 72 90 1.0
3 72 95 1.0
20 72 95 1.0
42 72 95 1.5
72 72 95 12.0
77 72 95 1.0
83 72 95 1.0
95 72 95 2.5
111 72 95 2.0
72 72 96 1.0
96 72 96 3.0
3 72 111 0.5
72 72 111 1.0
83 72 111 0.2
111 72 111 7.6
120 72 111 0.7
83 72 119 1.0
9 72 120 0.25
20 72 120 0.25
72 72 120 2.0
83 72 120 1.25
90 72 120 1.0
95 72 120 1.0
120 72 120 0.25
9 72 124 1.0
20 72 124 1.0
42 72 124 1.0
53 72 124 2.0
72 72 124 5.0
77 72 124 4.0
90 72 124 1.0
95 72 124 1.0
120 72 124 1.0
9 72 134 0.5
83 72 134 1.0
134 72 134 0.5
73 73 73 1.0
73 73 88 1.0
74 74 14 1.0
102 74 14 2.0
43 74 43 1.0
48 74 43 0.0833333333333
82 74 43 0.0833333333333
86 74 43 0.25
102 74 43 0.0833333333333
107 74 43 0.5
48 74 48 5.4
74 74 48 2.0
86 74 48 0.4
107 74 48 0.2
74 74 59 3.0
69 74 74 1.0
74 74 74 1.0
43 74 82 0.125
48 74 82 0.0833333333333
59 74 82 0.125
74 74 82 2.0
82 74 82 1.08333333333
86 74 82 1.0
102 74 82 0.0833333333333
107 74 82 0.5
85 74 85 1.0
74 74 86 5.0
86 74 86 5.66666666667
107 74 86 0.333333333333
74 74 102 4.0
86 74 102 1.16666666667
102 74 102 3.25
107 74 102 0.583333333333
48 74 107 1.68888888889
74 74 107 1.0
86 74 107 10.623015873
102 74 107 0.322222222222
107 74 107 5.43253968254
113 74 107 1.24444444444
139 74 107 1.68888888889
74 74 116 1.0
118 74 118 1.0
74 74 128 1.0
128 74 128 4.0
75 75 64 1.0
75 75 68 1.0
75 75 93 1.0
75 75 115 1.0
3 77 3 1.0
39 77 8 1.0
77 77 8 1.0
9 77 9 2.14285714286
19 77 9 0.285714285714
39 77 9 0.542857142857
46 77 9 0.6
72 77 9 0.285714285714
77 77 9 1.0
119 77 9 0.142857142857
19 77 19 1.0
42 77 19 1.0
77 77 19 1.0
20 77 20 0.5
53 77 20 0.5
39 77 39 4.0
77 77 39 1.0
95 77 39 1.0
46 77 46 1.0
8 77 72 1.0
9 77 72 1.0
39 77 72 1.0
46 77 72 2.0
53 77 72 1.0
72 77 72 3.0
77 77 72 10.0
9 77 83 1.0
77 77 83 2.0
120 77 83 1.0
39 77 90 1.0
53 77 90 0.016393442623
77 77 90 3.0
90 77 90 3.96721311475
95 77 90 0.016393442623
3 77 95 1.0
53 77 95 1.0
77 77 95 3.0
95 77 95 4.0
77 77 111 1.0
111 77 111 1.0
72 77 119 1.0
9 77 120 1.0
120 77 120 1.0
77 77 124 2.0
3 77 134 1.0
34 78 34 1.0
48 78 48 5.0
78 78 48 1.0
86 78 86 2.0
12 79 12 1.0
79 79 33 7.0
48 79 48 3.0
79 79 48 3.0
79 79 79 2.0
79 79 86 1.0
79 79 102 1.0
80 80 2 2.0
80 80 8 2.0
54 80 14 0.5
80 80 14 0.5
80 80 28 2.0
54 80 39 0.5
80 80 39 0.5
54 80 42 0.5
80 80 42 0.5
80 80 47 2.0
80 80 54 2.0
80 80 60 2.0
80 80 65 2.0
80 80 67 2.0
54 80 77 0.5
80 80 77 0.5
80 80 80 1.0
80 80 91 2.0
80 80 94 2.0
80 80 96 2.0
54 80 101 0.5
80 80 101 0.5
80 80 103 2.0
80 80 119 2.0
54 80 122 0.5
80 80 122 0.5
80 80 126 2.0
54 80 129 0.5
80 80 129 0.5
80 80 146 2.0
81 81 27 6.0
81 81 136 1.0
1 82 1 1.0
69 82 1 1.0
82 82 1 13.0
91 82 1 4.0
128 82 1 1.0
2 82 2 1.0
12 82 12 3.0
82 82 12 1.0
14 82 14 5.0
82 82 14 9.0
91 82 14 1.0
128 82 14 1.0
69 82 19 1.0
82 82 19 13.0
91 82 19 4.0
128 82 19 1.0
82 82 33 2.0
82 82 34 2.0
82 82 36 5.0
91 82 36 1.0
69 82 38 1.0
82 82 38 15.0
91 82 38 4.0
128 82 38 1.0
82 82 41 2.0
44 82 44 1.0
69 82 44 1.0
82 82 44 14.0
91 82 44 5.0
47 82 47 1.0
82 82 47 1.0
115 82 47 1.0
70 82 57 1.0
91 82 57 1.0
69 82 59 2.0
74 82 59 1.0
82 82 59 13.0
91 82 59 4.0
128 82 59 1.0
82 82 66 1.0
69 82 69 4.0
82 82 69 14.0
91 82 69 4.0
128 82 69 1.0
14 82 70 0.5
69 82 70 1.0
70 82 70 0.5
82 82 70 16.0
91 82 70 4.0
128 82 70 1.0
74 82 74 2.0
82 82 74 3.0
69 82 89 1.0
70 82 89 1.0
82 82 89 15.0
91 82 89 4.0
128 82 89 1.0
69 82 91 1.0
82 82 91 13.0
91 82 91 4.0
128 82 91 1.0
70 82 97 1.0
91 82 97 1.0
82 82 100 1.0
69 82 106 2.0
82 82 106 14.0
91 82 106 4.0
128 82 106 1.0
82 82 110 1.0
82 82 115 3.0
115 82 115 1.0
69 82 121 1.0
82 82 121 14.0
91 82 121 4.0
128 82 121 1.0
47 82 128 0.5
82 82 128 5.0
128 82 128 0.5
136 82 136 1.0
69 82 140 1.0
74 82 140 1.0
82 82 140 15.0
91 82 140 4.0
128 82 140 1.0
140 82 140 2.0
83 83 2 3.0
83 83 3 1.0
9 83 9 1.66666666667
77 83 9 0.333333333333
83 83 10 1.0
28 83 28 1.0
83 83 28 2.0
83 83 47 3.0
83 83 54 3.0
60 83 60 6.0
83 83 60 11.0
146 83 60 1.0
83 83 65 2.0
83 83 67 4.0
2 83 72 0.5
3 83 72 1.0
9 83 72 0.666666666667
72 83 72 1.5
77 83 72 0.333333333333
83 83 72 9.0
134 83 72 1.0
3 83 73 0.5
83 83 73 1.0
134 83 73 0.5
9 83 77 0.666666666667
77 83 77 1.33333333333
83 83 83 3.0
2 83 90 0.5
9 83 90 0.666666666667
77 83 90 0.333333333333
83 83 90 1.0
90 83 90 0.5
83 83 93 1.0
83 83 95 1.0
90 83 95 0.5
95 83 95 0.5
83 83 103 1.0
83 83 111 1.0
83 83 119 2.0
9 83 120 0.666666666667
77 83 120 0.333333333333
83 83 120 2.0
83 83 124 2.0
83 83 126 1.0
83 83 134 1.0
134 83 134 1.0
83 83 146 3.0
84 84 108 1.0
84 84 116 2.0
116 84 116 3.0
84 84 142 1.0
84 84 145 7.0
108 84 145 1.0
85 85 2 1.0
85 85 27 3.0
85 85 36 3.0
85 85 41 3.0
85 85 43 1.0
85 85 47 1.0
54 85 54 1.0
85 85 55 1.0
85 85 74 2.0
43 85 85 4.33333333333
85 85 85 2.66666666667
122 85 85 1.0
85 85 100 1.0
85 85 104 1.0
85 85 136 1.0
74 86 1 1.0
14 86 14 14.0
23 86 14 1.0
23 86 23 1.0
86 86 23 2.0
35 86 35 1.5
61 86 35 0.5
86 86 35 1.0
36 86 36 1.0
23 86 48 1.0
48 86 48 3.0
61 86 48 1.0
86 86 48 5.0
102 86 48 4.0
86 86 58 1.0
61 86 61 9.0
86 86 61 1.0
48 86 74 3.0
74 86 74 15.0
86 86 74 4.0
102 86 74 1.0
78 86 78 6.0
86 86 78 1.0
74 86 102 1.0
102 86 102 1.0
88 88 51 1.0
73 88 73 1.0
88 88 88 15.0
19 89 91 1.0
89 89 96 1.0
89 89 128 1.0
3 90 3 1.0
90 90 8 1.0
90 90 9 1.0
111 90 9 1.0
90 90 19 2.0
90 90 20 1.0
42 90 42 3.0
90 90 42 1.0
46 90 46 1.0
111 90 53 1.0
72 90 72 2.80119047619
77 90 72 0.125
90 90 72 28.769047619
95 90 72 4.92023809524
111 90 72 22.3845238095
42 90 77 1.0
72 90 77 0.80119047619
77 90 77 0.125
83 90 77 1.0
90 90 77 27.769047619
95 90 77 4.92023809524
111 90 77 34.3845238095
72 90 83 0.80119047619
77 90 83 0.125
90 90 83 17.269047619
95 90 83 4.92023809524
111 90 83 8.88452380952
90 90 90 3.5
111 90 90 1.5
72 90 95 0.80119047619
77 90 95 0.125
90 90 95 20.769047619
95 90 95 5.92023809524
111 90 95 34.3845238095
90 90 111 6.0
111 90 111 15.0
90 90 120 1.0
111 90 120 1.0
72 90 124 0.80119047619
77 90 124 0.125
90 90 124 15.769047619
95 90 124 4.92023809524
111 90 124 9.38452380952
90 90 134 1.0
67 91 1 1.0
91 91 1 2.0
99 91 1 1.0
91 91 19 1.0
91 91 38 1.0
91 91 44 1.0
46 91 46 1.0
82 91 47 1.0
99 91 47 1.0
91 91 63 1.0
67 91 69 1.0
91 91 69 4.0
99 91 69 4.0
91 91 70 2.0
99 91 70 4.0
136 91 70 1.0
67 91 82 1.0
91 91 82 9.0
99 91 82 2.0
67 91 89 1.0
91 91 89 6.0
99 91 89 2.0
91 91 106 2.0
99 91 106 6.0
67 91 121 1.0
71 91 121 1.0
91 91 121 3.0
99 91 121 1.0
82 91 136 1.0
91 91 140 2.0
99 91 140 4.0
92 92 92 1.0
2 93 2 1.0
2 93 30 1.0
93 93 56 1.0
93 93 96 1.0
30 93 101 1.0
93 93 122 1.0
46 94 2 3.0
94 94 2 3.0
129 94 2 1.0
94 94 10 1.0
42 94 46 1.0
46 94 46 36.5277777778
60 94 46 1.0
94 94 46 22.0
99 94 46 1.0
129 94 46 0.472222222222
46 94 47 3.0
94 94 47 2.0
46 94 54 3.0
94 94 54 1.0
94 94 60 2.0
65 94 65 2.0
42 94 67 1.0
46 94 67 7.25
60 94 67 1.0
67 94 67 0.5
94 94 67 24.0
99 94 67 1.0
129 94 67 0.25
94 94 83 1.0
46 94 93 1.0
42 94 94 1.0
46 94 94 2.0
94 94 94 7.0
46 94 99 1.0
94 94 99 1.0
94 94 101 1.0
42 94 129 1.0
46 94 129 2.0
94 94 129 12.0
129 94 129 4.0
46 94 146 1.0
94 94 146 5.0
20 95 3 0.5
53 95 3 0.5
95 95 3 7.0
134 95 3 3.0
9 95 9 6.5
72 95 9 0.5
95 95 9 1.0
95 95 19 1.0
20 95 20 0.5
53 95 20 1.5
95 95 20 2.0
95 95 39 3.0
72 95 42 0.5
77 95 42 0.5
95 95 42 1.0
9 95 53 6.0
53 95 53 1.0
95 95 53 4.0
3 95 72 0.5
9 95 72 6.0
20 95 72 0.833333333333
53 95 72 2.0
72 95 72 6.33333333333
77 95 72 0.333333333333
83 95 72 1.0
90 95 72 1.0
95 95 72 4.0
3 95 77 0.5
9 95 77 6.0
72 95 77 1.0
77 95 77 5.0
90 95 77 1.0
95 95 77 5.0
134 95 77 0.5
83 95 83 2.0
95 95 83 2.0
3 95 90 0.0348062953995
53 95 90 0.0169491525424
90 95 90 2.94824455206
95 95 90 2.0
95 95 111 2.0
9 95 120 6.0
72 95 120 0.5
95 95 120 3.0
120 95 120 1.5
95 95 124 1.0
3 95 134 0.333333333333
95 95 134 1.0
134 95 134 1.66666666667
2 96 2 2.0
96 96 2 4.0
96 96 8 1.0
28 96 28 1.0
96 96 28 2.0
96 96 33 1.0
2 96 47 1.5
47 96 47 3.5
96 96 47 3.0
96 96 54 2.0
60 96 60 2.0
96 96 60 5.0
96 96 65 2.0
96 96 67 2.0
96 96 68 1.0
72 96 72 1.0
96 96 72 2.0
89 96 89 1.0
93 96 93 1.0
72 96 96 1.0
96 96 96 9.0
96 96 101 2.0
103 96 103 1.0
96 96 118 1.0
96 96 119 2.0
96 96 146 2.0
82 97 57 1.0
82 97 137 1.0
99 99 28 6.0
99 99 42 3.0
46 99 46 8.0
99 99 46 30.0
99 99 47 1.0
46 99 57 7.0
99 99 57 20.0
99 99 65 8.0
46 99 67 2.5
67 99 67 0.5
99 99 67 12.0
46 99 74 1.0
99 99 74 3.0
99 99 82 6.0
46 99 84 1.0
99 99 84 4.0
99 99 89 6.0
99 99 91 9.0
46 99 94 2.0
99 99 94 15.0
46 99 97 1.0
99 99 97 2.0
99 99 99 8.0
99 99 101 3.0
46 99 105 6.0
99 99 105 30.0
105 99 105 1.0
99 99 108 2.0
46 99 114 2.0
99 99 114 2.0
46 99 130 1.0
46 99 137 2.0
99 99 137 6.0
99 99 142 2.0
99 99 145 3.0
145 99 145 1.0
99 99 146 1.0
36 100 36 1.0
2 101 2 5.0
47 101 2 2.0
101 101 2 5.0
129 101 2 1.0
101 101 13 1.0
21 101 21 3.0
101 101 21 3.0
129 101 21 3.0
101 101 25 1.0
101 101 30 3.0
101 101 33 1.0
2 101 40 1.0
101 101 40 3.0
129 101 40 4.0
137 101 40 1.0
47 101 47 2.0
101 101 47 6.0
47 101 54 1.0
101 101 54 1.0
129 101 54 1.0
2 101 62 1.0
62 101 62 2.0
101 101 62 2.0
107 101 62 2.0
137 101 62 1.0
2 101 64 1.0
137 101 64 1.0
129 101 65 1.0
2 101 68 1.0
68 101 68 1.0
101 101 68 2.0
137 101 68 1.0
2 101 93 1.0
101 101 93 1.0
96 101 96 2.0
137 101 98 1.0
101 101 114 1.0
101 101 118 1.0
101 101 122 1.0
122 101 122 1.0
101 101 129 1.0
129 101 129 9.0
101 101 137 2.0
101 101 139 1.0
48 102 23 1.0
102 102 23 2.0
125 102 33 1.0
35 102 35 1.0
102 102 35 1.0
125 102 41 1.0
102 102 43 3.0
14 102 48 0.333333333333
48 102 48 3.33333333333
74 102 48 1.0
102 102 48 17.3333333333
113 102 48 1.0
74 102 74 2.0
102 102 74 2.0
48 102 86 1.0
102 102 86 13.0
125 102 91 1.0
48 102 102 1.0
61 102 102 1.0
102 102 102 2.0
113 102 102 1.0
125 102 102 1.5
139 102 102 0.5
102 102 107 2.0
107 102 107 3.0
102 102 113 3.0
139 102 113 1.0
125 102 118 1.0
107 102 125 1.0
125 102 136 1.0
102 102 139 1.0
107 102 139 1.0
139 102 139 1.0
2 103 2 3.0
103 103 2 10.0
103 103 7 1.0
103 103 10 1.0
103 103 11 1.0
103 103 12 1.0
103 103 14 1.0
103 103 17 1.0
103 103 22 1.0
103 103 25 1.0
103 103 26 1.0
103 103 27 1.0
28 103 28 1.0
103 103 28 3.0
103 103 29 1.0
30 103 30 1.0
103 103 30 15.0
103 103 32 1.0
103 103 33 2.0
103 103 34 1.0
103 103 36 2.0
103 103 37 1.0
103 103 38 2.0
103 103 40 1.0
103 103 41 2.0
103 103 47 6.0
103 103 50 1.0
103 103 51 1.0
103 103 52 1.0
2 103 54 1.0
67 103 54 0.5
103 103 54 2.0
134 103 54 0.5
103 103 56 1.0
103 103 58 1.0
103 103 60 2.0
103 103 62 1.0
103 103 64 1.0
103 103 65 1.0
103 103 66 1.0
67 103 67 1.0
103 103 67 1.0
103 103 68 1.0
103 103 73 1.0
103 103 75 1.0
103 103 79 1.0
103 103 80 1.0
103 103 82 1.0
103 103 83 2.0
103 103 85 1.0
103 103 87 1.0
103 103 88 1.0
103 103 89 1.0
103 103 91 1.0
103 103 93 1.0
103 103 96 1.0
103 103 98 1.0
103 103 100 1.0
103 103 102 1.0
103 103 103 8.0
103 103 104 2.0
103 103 114 1.0
103 103 117 1.0
103 103 118 1.0
103 103 119 1.0
103 103 121 1.0
103 103 122 2.0
103 103 126 1.0
103 103 128 2.0
103 103 132 1.0
103 103 135 1.0
103 103 136 2.0
103 103 138 1.0
103 103 140 2.0
103 103 146 2.0
104 104 43 1.0
46 105 2 0.333333333333
65 105 2 1.66666666667
105 105 2 1.0
105 105 4 3.0
13 105 13 1.0
105 105 13 2.0
21 105 21 3.0
105 105 21 1.0
105 105 23 1.0
46 105 28 0.333333333333
65 105 28 1.66666666667
105 105 28 1.0
105 105 40 1.0
46 105 46 1.5
99 105 46 0.5
105 105 46 4.0
46 105 47 0.333333333333
65 105 47 1.66666666667
105 105 47 1.0
46 105 54 0.333333333333
65 105 54 1.66666666667
46 105 65 0.333333333333
65 105 65 2.66666666667
99 105 65 2.0
105 105 65 6.0
126 105 65 1.0
46 105 67 0.333333333333
65 105 67 1.66666666667
99 105 67 1.0
105 105 67 6.0
105 105 68 1.0
105 105 82 1.0
105 105 91 1.0
46 105 94 0.833333333333
65 105 94 1.66666666667
99 105 94 2.5
105 105 94 3.0
105 105 96 1.0
99 105 99 1.0
105 105 99 3.0
105 105 101 1.0
67 105 105 1.0
105 105 105 21.0
107 105 107 1.0
46 105 126 0.333333333333
65 105 126 1.66666666667
105 105 126 2.0
126 105 126 1.0
13 105 129 0.5
46 105 129 0.5
105 105 137 1.0
46 105 146 0.333333333333
65 105 146 1.66666666667
19 106 19 2.0
106 106 19 1.0
106 106 55 2.0
82 106 82 1.0
106 106 128 2.0
128 106 128 1.0
13 107 13 1.0
107 107 13 4.0
113 107 23 1.0
35 107 35 32.0
58 107 35 2.0
107 107 35 51.0
125 107 35 1.22222222222
133 107 35 4.0
139 107 35 2.77777777778
35 107 58 6.0
58 107 58 7.0
105 107 58 1.0
107 107 58 36.0
113 107 58 2.0
125 107 58 0.111111111111
133 107 58 5.0
139 107 58 10.8888888889
35 107 74 1.0
74 107 74 9.56666666667
107 107 74 2.0
113 107 74 0.433333333333
139 107 74 1.0
35 107 101 1.0
35 107 102 1.18181818182
74 107 102 2.0
107 107 102 6.0
113 107 102 4.0
125 107 102 0.20202020202
139 107 102 6.61616161616
107 107 105 2.0
107 107 107 4.0
35 107 113 3.0
107 107 113 13.0
113 107 113 1.0
125 107 113 1.22222222222
139 107 113 8.77777777778
13 107 125 1.0
35 107 125 11.0
107 107 125 38.0
113 107 125 1.92307692308
125 107 125 7.11111111111
133 107 125 3.07692307692
139 107 125 5.88888888889
35 107 133 5.0
58 107 133 1.0
105 107 133 1.0
107 107 133 25.0
133 107 133 13.0
139 107 133 1.0
13 107 139 1.0
35 107 139 11.5
58 107 139 0.5
102 107 139 4.16666666667
107 107 139 33.0
125 107 139 1.22222222222
133 107 139 1.0
139 107 139 11.6111111111
108 108 5 12.0
84 108 6 1.0
108 108 6 30.5
116 108 6 3.5
13 108 13 5.0
16 108 16 1.0
108 108 16 1.0
84 108 18 1.0
108 108 18 33.5
114 108 18 1.0
116 108 18 3.5
84 108 22 1.0
108 108 22 33.5
116 108 22 3.5
84 108 45 1.0
108 108 45 33.5
116 108 45 3.5
108 108 84 1.0
84 108 108 1.0
108 108 108 53.5
116 108 108 4.5
84 108 109 1.0
108 108 109 35.5
116 108 109 3.5
108 108 112 2.0
114 108 114 2.0
16 108 116 1.0
46 108 116 1.0
84 108 116 1.0
108 108 116 41.8333333333
116 108 116 21.1666666667
108 108 123 1.0
123 108 123 1.0
108 108 145 3.0
116 108 145 1.0
145 108 145 2.0
109 109 16 2.0
108 109 18 1.0
109 109 18 3.0
109 109 22 2.0
109 109 45 2.0
109 109 108 2.0
109 109 109 2.0
110 110 2 1.0
47 110 47 1.0
110 110 47 1.0
110 110 143 2.0
111 111 3 1.0
39 111 39 1.0
39 111 53 1.0
39 111 72 1.0
72 111 72 13.75
90 111 72 1.0
111 111 72 10.25
72 111 73 8.75
90 111 73 1.0
111 111 73 3.25
111 111 77 2.0
111 111 83 3.0
72 111 90 1.0
90 111 90 2.0
111 111 90 8.0
72 111 95 1.0
111 111 95 6.0
111 111 105 1.0
111 111 111 1.0
72 111 120 8.75
90 111 120 1.0
111 111 120 3.25
111 111 124 2.0
111 111 134 1.0
111 111 146 1.0
112 112 112 2.0
2 113 2 1.0
113 113 2 1.0
21 113 21 2.83333333333
107 113 21 1.0
113 113 21 15.1666666667
21 113 23 1.83333333333
113 113 23 15.1666666667
21 113 35 2.33333333333
35 113 35 19.6666666667
107 113 35 0.333333333333
113 113 35 28.6666666667
125 113 35 2.0
139 113 35 2.0
21 113 43 1.83333333333
113 113 43 15.1666666667
102 113 48 0.8
113 113 48 2.2
35 113 58 3.66666666667
58 113 58 3.0
107 113 58 0.333333333333
125 113 58 1.0
139 113 58 2.0
113 113 74 2.0
21 113 102 1.9
35 113 102 3.06666666667
107 113 102 1.0
113 113 102 15.0333333333
139 113 102 1.0
21 113 107 1.83333333333
35 113 107 3.66666666667
107 113 107 2.33333333333
113 113 107 19.1666666667
125 113 107 1.0
139 113 107 2.0
21 113 113 1.83333333333
113 113 113 15.1666666667
35 113 125 3.66666666667
107 113 125 1.33333333333
113 113 125 1.0
125 113 125 1.0
139 113 125 2.0
125 113 133 1.0
35 113 139 3.66666666667
107 113 139 0.333333333333
139 113 139 2.0
22 114 22 1.0
29 114 29 1.0
114 114 29 1.0
114 114 40 1.0
101 114 101 1.0
114 114 108 1.0
114 114 116 1.0
14 115 14 1.0
115 115 14 1.0
115 115 47 2.0
115 115 64 1.0
115 115 68 1.0
82 115 82 3.0
75 115 89 1.0
115 115 89 1.0
25 115 130 1.0
115 115 143 1.0
116 116 45 1.0
74 116 74 1.0
84 116 84 2.0
116 116 84 2.0
108 116 108 4.0
116 116 108 19.0
123 116 123 1.0
116 116 141 1.0
116 116 145 8.0
145 116 145 30.0
26 117 7 6.21547323738
117 117 7 52.7845267626
12 117 12 2.0
117 117 12 2.0
128 117 12 1.0
26 117 26 7.21547323738
117 117 26 49.7845267626
118 117 26 1.0
12 117 49 1.0
128 117 49 1.0
26 117 50 6.21547323738
117 117 50 47.7845267626
26 117 52 6.21547323738
117 117 52 47.7845267626
26 117 117 6.25802642886
117 117 117 52.7419735711
26 117 118 6.21547323738
117 117 118 50.7845267626
122 117 122 1.0
12 117 128 1.0
117 117 128 3.0
128 117 128 1.0
118 118 2 1.0
118 118 11 1.0
35 118 26 1.0
74 118 26 1.0
118 118 26 4.0
74 118 32 1.0
102 118 50 1.0
101 118 52 1.0
102 118 52 1.0
136 118 52 2.0
118 118 74 1.0
118 118 81 1.0
96 118 96 1.0
117 118 117 1.0
118 118 117 2.0
118 118 136 1.0
119 119 3 1.0
96 119 8 1.0
119 119 8 3.0
119 119 39 3.0
42 119 42 2.0
119 119 42 4.0
47 119 47 7.0
119 119 47 4.0
119 119 54 1.0
119 119 67 3.0
119 119 77 3.0
96 119 96 1.0
42 119 134 0.5
119 119 134 7.0
134 119 134 0.5
3 120 3 1.5
72 120 3 0.5
120 120 3 1.0
3 120 9 0.5
9 120 9 0.5
72 120 9 0.5
90 120 9 0.5
120 120 9 3.0
120 120 20 1.0
120 120 39 1.0
42 120 42 4.0
120 120 42 3.0
3 120 72 1.5
20 120 72 0.5
72 120 72 0.5
83 120 72 0.5
111 120 72 1.0
120 120 72 3.0
111 120 73 1.0
120 120 77 4.0
120 120 83 1.0
9 120 90 0.5
90 120 90 0.5
120 120 90 1.0
120 120 95 2.0
82 121 82 1.0
2 122 2 2.0
122 122 2 2.0
122 122 7 1.0
122 122 14 1.0
122 122 33 1.0
60 122 35 0.333333333333
68 122 35 0.333333333333
122 122 35 0.333333333333
122 122 41 1.0
47 122 47 1.0
122 122 47 1.0
7 122 50 1.0
122 122 52 1.0
122 122 54 1.0
58 122 58 1.0
60 122 58 0.333333333333
68 122 58 0.333333333333
122 122 58 1.33333333333
60 122 60 0.333333333333
68 122 60 0.333333333333
122 122 60 1.33333333333
122 122 62 1.0
68 122 68 1.0
122 122 68 2.0
122 122 85 1.0
122 122 91 1.0
60 122 93 0.333333333333
68 122 93 0.333333333333
122 122 93 1.33333333333
101 122 101 1.0
103 122 103 1.0
122 122 117 1.0
60 122 118 0.333333333333
68 122 118 0.333333333333
122 122 118 1.33333333333
122 122 122 1.0
122 122 136 1.0
123 123 45 1.0
123 123 84 1.0
123 123 108 2.0
123 123 112 1.0
123 123 116 1.0
123 123 141 1.0
123 123 145 1.0
124 124 9 1.0
72 124 72 1.0
124 124 72 1.0
13 125 13 1.0
35 125 13 0.5
113 125 13 1.0
139 125 13 0.5
35 125 35 1.4
48 125 35 1.0
107 125 35 4.4
113 125 35 0.2
125 125 35 6.0
133 125 35 1.0
139 125 35 2.0
48 125 48 1.0
35 125 58 1.4
48 125 58 1.0
107 125 58 4.4
113 125 58 0.2
125 125 58 6.0
133 125 58 1.0
139 125 58 1.0
35 125 102 1.4
107 125 102 2.4
113 125 102 0.2
125 125 102 3.0
139 125 102 2.0
35 125 107 1.5
48 125 107 1.0
107 125 107 21.2
113 125 107 0.3
125 125 107 7.0
133 125 107 1.0
139 125 107 1.0
35 125 113 0.4
48 125 113 1.0
107 125 113 3.4
113 125 113 1.2
125 125 113 3.0
133 125 113 1.0
35 125 133 1.0
48 125 133 1.0
107 125 133 2.0
125 125 133 7.0
139 125 133 1.0
35 125 139 1.4
107 125 139 1.4
113 125 139 0.2
125 125 139 4.0
133 125 139 1.0
139 125 139 1.0
126 126 4 3.0
65 126 65 1.0
67 126 105 1.0
126 126 105 2.0
105 126 126 2.0
126 126 126 79.0
13 127 13 3.83333333333
127 127 13 8.16666666667
15 127 15 1.0
127 127 17 2.0
127 127 23 1.0
127 127 33 1.0
136 127 78 1.0
127 127 100 4.0
13 127 127 2.5
127 127 127 67.5
127 127 128 0.5
128 127 128 0.5
127 127 136 1.0
127 127 143 1.0
127 127 144 1.0
82 128 1 1.0
128 128 1 7.0
128 128 11 1.0
12 128 12 4.0
117 128 12 1.0
127 128 12 1.0
128 128 12 6.0
128 128 14 1.0
128 128 15 1.0
128 128 23 1.0
128 128 24 1.0
128 128 27 1.0
30 128 30 1.0
128 128 31 1.0
128 128 32 1.0
128 128 33 1.0
82 128 38 1.0
128 128 38 5.0
128 128 49 1.0
128 128 57 1.0
82 128 59 1.0
128 128 59 5.0
128 128 69 6.0
82 128 70 1.0
128 128 70 6.0
71 128 71 0.5
74 128 71 0.5
128 128 71 2.0
74 128 74 2.0
128 128 74 2.0
128 128 81 1.0
82 128 82 1.0
128 128 82 9.0
128 128 89 7.0
82 128 91 1.5
89 128 91 0.5
128 128 91 6.0
128 128 97 1.0
82 128 106 1.0
106 128 106 2.0
128 128 106 4.0
128 128 115 1.0
12 128 117 2.0
128 128 117 3.0
82 128 121 1.0
128 128 121 5.0
128 128 127 2.0
128 128 128 10.0
128 128 136 2.0
82 128 140 1.0
128 128 140 6.0
140 128 140 1.0
128 128 143 1.0
128 128 144 1.0
2 129 2 7.0
46 129 2 3.0
94 129 2 1.0
129 129 2 8.0
129 129 21 3.0
40 129 23 1.0
40 129 40 6.8
94 129 40 0.5
101 129 40 2.7
129 129 40 6.0
42 129 42 1.0
46 129 46 29.0
94 129 46 1.0
129 129 46 21.0
46 129 47 3.0
94 129 47 1.0
129 129 47 3.0
129 129 54 1.0
40 129 58 1.0
129 129 62 1.0
129 129 65 2.0
46 129 67 3.0
129 129 67 3.0
129 129 92 1.0
46 129 94 8.0
67 129 94 1.0
94 129 94 8.0
129 129 94 9.0
40 129 101 1.4
101 129 101 2.6
129 129 101 5.0
46 129 105 2.0
105 129 105 1.0
129 129 105 3.0
46 129 129 1.0
129 129 129 1.0
46 129 146 2.0
129 129 146 1.0
69 130 69 1.0
130 130 110 1.0
132 132 35 1.0
133 133 2 1.0
133 133 13 1.0
21 133 21 8.0
107 133 21 1.0
133 133 21 3.0
107 133 23 1.0
133 133 23 1.0
35 133 35 6.66666666667
58 133 35 1.5
107 133 35 0.833333333333
133 133 35 14.0
35 133 58 1.0
58 133 58 3.5
65 133 58 1.0
107 133 58 1.5
133 133 58 9.0
133 133 61 1.0
65 133 65 1.0
58 133 107 5.83333333333
107 133 107 16.1666666667
133 133 107 21.0
133 133 113 2.0
35 133 125 1.0
58 133 125 2.5
107 133 125 0.5
125 133 125 1.0
133 133 125 7.0
35 133 139 1.0
58 133 139 0.5
107 133 139 1.5
133 133 139 2.0
3 134 3 18.6666666667
39 134 3 8.0
42 134 3 1.0
90 134 3 0.333333333333
119 134 3 1.0
134 134 3 29.0
3 134 8 2.0
8 134 8 7.0
39 134 8 1.0
95 134 8 1.0
134 134 8 2.0
9 134 9 1.0
95 134 9 1.0
134 134 35 1.0
39 134 39 3.0
134 134 39 3.0
3 134 42 1.33333333333
42 134 42 1.66666666667
134 134 42 3.0
9 134 72 1.5
72 134 72 0.5
8 134 77 1.0
134 134 77 2.0
83 134 83 1.0
3 134 90 0.333333333333
42 134 90 0.333333333333
90 134 90 0.333333333333
3 134 95 2.0
134 134 95 4.0
134 134 103 3.0
8 134 119 1.0
42 134 119 1.0
119 134 119 2.0
134 134 119 3.0
136 136 11 3.0
33 136 17 1.0
128 136 23 1.0
136 136 27 3.0
136 136 32 4.0
85 136 33 1.0
136 136 33 6.0
136 136 41 3.0
136 136 47 1.0
136 136 50 1.0
136 136 52 3.0
55 136 55 1.0
136 136 68 3.0
143 136 81 1.0
82 136 82 1.0
85 136 82 1.0
136 136 82 3.0
136 136 85 1.0
81 136 91 1.0
136 136 91 4.0
136 136 107 1.0
136 136 118 3.0
127 136 127 1.0
136 136 135 3.0
136 136 143 1.0
101 137 101 2.0
35 139 35 5.0
107 139 35 2.0
113 139 35 1.0
125 139 35 3.0
139 139 35 19.0
35 139 58 1.0
107 139 58 1.0
113 139 58 1.0
125 139 58 3.0
139 139 58 18.0
139 139 74 1.0
35 139 101 0.5
101 139 101 0.5
35 139 102 4.0
107 139 102 1.0
113 139 102 1.0
125 139 102 3.0
139 139 102 15.0
35 139 107 3.0
102 139 107 1.16666666667
107 139 107 15.4333333333
113 139 107 1.0
125 139 107 3.0
133 139 107 0.4
139 139 107 25.0
35 139 113 1.0
107 139 113 2.0
113 139 113 1.0
125 139 113 1.0
139 139 113 7.0
35 139 125 4.0
107 139 125 2.0
113 139 125 1.0
125 139 125 3.0
139 139 125 20.0
35 139 133 0.5
107 139 133 1.5
125 139 133 2.0
139 139 133 12.0
140 140 1 1.0
140 140 33 1.0
37 140 37 2.0
140 140 47 1.0
140 140 63 1.0
140 140 70 1.0
82 140 82 2.0
140 140 82 2.0
140 140 89 1.0
31 140 121 1.0
140 140 121 1.0
140 140 128 1.0
116 141 116 1.0
142 142 114 1.0
143 143 24 1.0
143 143 47 1.0
143 143 68 1.0
7 143 115 1.0
136 143 136 1.0
143 143 136 1.0
144 144 127 1.0
45 145 45 1.0
145 145 45 1.0
84 145 84 1.0
108 145 84 1.0
145 145 84 2.0
99 145 99 1.0
145 145 99 1.0
84 145 108 1.0
145 145 108 2.0
108 145 116 1.0
116 145 116 15.0
145 145 116 4.0
123 145 123 1.0
145 145 123 2.0
84 145 141 1.0
94 146 2 1.6
146 146 2 1.4
146 146 8 1.0
47 146 14 0.5
65 146 14 0.5
146 146 14 1.0
28 146 28 4.0
94 146 28 2.6
146 146 28 1.4
146 146 33 6.0
146 146 40 1.0
146 146 41 3.0
146 146 46 1.0
28 146 47 1.0
47 146 47 4.0
94 146 47 2.6
146 146 47 12.4
94 146 60 0.6
146 146 60 4.4
146 146 62 1.0
94 146 65 2.6
146 146 65 14.4
146 146 67 1.0
146 146 68 1.0
146 146 83 1.0
146 146 85 1.0
146 146 91 4.0
94 146 94 1.6
146 146 94 1.4
146 146 96 3.0
146 146 101 5.0
146 146 103 7.0
146 146 110 1.0
146 146 118 4.0
146 146 136 4.0
146 146 137 2.0
146 146 143 1.0
94 146 146 2.6
146 146 146 0.4
